0.798325 0.063981 0.598819 1404 4.51 68
0.719465 0.058843 0.692032 1438 6.10 70
0.984616 0.083667 -0.153397 1522 3.56 74
0.422933 0.037061 -0.905403 1581 4.23 77
0.985806 0.088838 0.142461 1635 5.38 80
0.785002 0.072548 0.615231 1671 5.16 82
0.346752 0.031329 -0.937433 1685 5.50 83
0.870924 0.082019 -0.484524 1737 5.18 84
0.935111 0.089096 -0.342971 1760 5.61 85
0.967790 0.094996 0.233147 1796 6.25 86
0.972523 0.097324 -0.211488 1835 6.39 88
0.777474 0.081830 0.623569 1967 7.39 90
0.469314 0.050966 0.881559 2011 5.38 93
0.993294 0.110554 0.033848 2114 5.77 97
0.219231 0.024642 -0.975362 2151 2.82 98
0.734714 0.084623 -0.673078 2261 2.40 99 ANKAA
0.718488 0.082503 -0.690629 2262 3.93 100
0.993260 0.115903 -0.000864 2273 6.16 101
0.944514 0.116170 0.307242 2411 5.01 103
0.832385 0.101940 -0.544742 2429 4.86 105
0.951834 0.117762 0.283097 2436 6.05 106
0.860696 0.113780 0.496242 2628 5.20 114
0.989059 0.130384 -0.069013 2637 5.72 117
0.394696 0.054453 0.917197 2729 6.18 121
0.574817 0.080202 0.814342 2772 4.74 123 CAS LAMBDA
