0.524778 0.145608 -0.838694 6192 6.12 295
0.958977 0.270655 -0.084310 6203 5.40 296
0.961209 0.274787 0.023855 6288 6.06 301
0.955525 0.277954 0.098561 6386 6.03 307
0.927465 0.270723 0.257909 6397 5.64 308
0.892633 0.263064 0.366066 6456 5.33 310
0.892666 0.263127 0.365940 6457 5.55 311
0.955525 0.282225 0.085568 6479 6.35 313
0.955478 0.282379 0.085581 6480 7.42 314
0.944782 0.278132 -0.173292 6482 6.09 315
0.944612 0.280190 -0.170886 6530 5.58 317
0.933731 0.279069 0.224202 6557 6.14 319
0.549391 0.168530 0.818393 6582 5.17 321 CAS MU
0.657278 0.194960 -0.727994 6595 3.32 322
0.688566 0.210555 0.693933 6658 5.04 324
0.810863 0.247983 0.530100 6680 6.23 327
0.894395 0.273238 0.354117 6695 5.56 328
0.942682 0.287167 -0.169962 6706 5.71 329
0.951185 0.292497 0.098455 6763 5.51 330
0.716568 0.218384 -0.662449 6767 5.21 331
0.452681 0.136909 -0.881099 6793 5.36 332
0.940503 0.290180 -0.176774 6805 3.46 334
0.647926 0.202743 0.734226 6811 4.26 335
0.344906 0.109832 0.932189 6829 5.32 336
0.775553 0.243527 0.582419 6860 2.07 337 MIRACH
