0.769445 0.145092 -0.622016 4065 6.05 185
0.408090 0.076504 -0.909731 4089 5.38 187
0.933979 0.179802 -0.308796 4128 2.04 188 DIPHDA; DENEB KAITOS
0.658321 0.129268 0.741554 4142 5.66 189
0.528248 0.101137 -0.843045 4150 4.36 191
0.253897 0.051254 0.965872 4161 5.64 192
0.652803 0.129036 0.746457 4180 4.48 193 CAS OMICRON
0.964691 0.188348 -0.184111 4188 4.77 194
0.768931 0.150157 -0.621448 4211 5.90 195
0.955707 0.192177 -0.222915 4307 6.15 203
0.255731 0.054086 0.965234 4382 5.42 208
0.943933 0.194404 0.266828 4408 5.36 211
0.957723 0.199311 0.207467 4482 5.51 213
0.922249 0.192777 0.335101 4490 6.11 214
0.892258 0.186971 0.410996 4502 4.08 215
0.971928 0.203904 0.117381 4526 5.98 216
0.913710 0.193849 0.357151 4568 6.51 217
0.520462 0.113206 0.846347 4614 3.46 219 CAS ETA
0.969959 0.207450 0.127063 4627 5.92 221
0.615510 0.133171 0.776796 4636 4.90 223 CAS NU
0.968971 0.208975 0.132000 4656 4.44 224
0.934843 0.202882 0.291389 4676 5.07 225
0.736069 0.162555 0.657098 4727 4.53 226
0.864421 0.191183 0.465001 4757 5.55 230
0.864419 0.191189 0.465001 4758 7.10 231
