0.401506 0.148296 0.903770 8003 6.33 384
0.939946 0.341206 -0.008884 8036 5.87 385
0.822467 0.303923 0.480811 8126 5.23 389
0.655822 0.246311 0.713602 8207 4.87 390
0.935754 0.352567 -0.007848 8335 6.50 393
0.738921 0.282447 0.611734 8374 5.60 395
0.346624 0.136419 0.928031 8491 4.72 399 CAS PSI
0.924416 0.355037 -0.139298 8511 6.21 401
0.924038 0.354817 -0.142331 8512 3.60 402
0.462045 0.181562 0.868072 8538 2.66 403 RUCHBAH; CAS DELTA
0.900965 0.353176 -0.252048 8705 4.90 412
0.878427 0.347150 0.328411 8723 5.35 413
0.877395 0.348689 0.329535 8763 5.50 414
0.651344 0.262009 0.712111 8799 4.83 417
0.905019 0.360422 -0.225912 8829 5.51 421
0.783017 0.312267 -0.537934 8879 6.57 423
0.010128 0.007897 0.999918 8890 1.97 424 POLARIS; UMI ALPHA
0.311275 0.130888 0.941263 9021 5.82 427
0.674147 0.273625 -0.686043 9053 3.41 429
0.629881 0.261233 0.731442 9057 5.27 430
0.877062 0.362755 0.314915 9100 6.01 432
0.859444 0.354245 -0.368601 9132 5.11 433
0.918270 0.381216 0.107027 9138 4.84 434
0.888533 0.374797 0.264645 9270 3.62 437
0.603854 0.253991 -0.755546 9362 3.93 440
