0.884691 0.438170 0.159151 10761 4.26 510
0.811366 0.402961 -0.423448 10830 5.29 514
0.852828 0.427939 0.299252 10845 6.55 515
0.170156 0.080573 -0.982118 10859 6.33 516
0.565307 0.282156 -0.775123 10934 5.49 519
0.531930 0.265507 -0.804087 10939 5.04 520
0.851931 0.434931 0.291631 10982 5.86 522
0.820549 0.427802 0.379058 11154 5.83 530
0.872445 0.452167 -0.185430 11171 4.66 531
0.504589 0.268262 0.820625 11241 5.53 533
0.868865 0.456488 0.191553 11257 5.92 534
0.557932 0.297145 0.774866 11291 5.70 536
0.869708 0.459807 -0.179402 11353 3.74 539 BATEN KAITOS
0.389424 0.212309 0.896255 11415 3.35 542 CAS EPSILON
0.667082 0.359521 0.652493 11428 5.42 543
0.765940 0.411906 0.493629 11443 3.42 544
0.830381 0.448655 0.330417 11502 3.88 546
0.830371 0.448652 0.330446 11503 4.83 545
0.317916 0.176224 0.931598 11529 4.97 548 CAS OMEGA
0.878380 0.474718 0.055603 11559 4.61 549
0.152098 0.077312 -0.985337 11604 6.05 550
0.820248 0.448325 0.355242 11636 2.64 553 SHERATAN
0.607639 0.328710 -0.722997 11695 4.39 555
0.695923 0.386367 0.605319 11749 5.69 557
0.647399 0.352855 -0.675550 11753 5.12 558
