0.469193 0.203846 0.859246 9408 4.68 442 CAS CHI
0.881892 0.386337 -0.270203 9672 5.62 451
0.884186 0.392621 0.253107 9766 6.23 455
0.265165 0.121564 0.956509 9774 5.28 456
0.684125 0.307457 0.661396 9826 4.10 458
0.880774 0.392066 -0.265560 9856 5.41 459
0.791674 0.353058 -0.498600 9906 5.69 462
0.891193 0.401918 0.210327 9919 5.54 463
0.601439 0.274065 0.750440 9927 3.59 464
0.648539 0.300184 0.699490 10072 5.01 469
0.492725 0.223802 -0.840913 10144 0.45 472 ACHERNAR
0.869974 0.404195 0.282440 10164 5.98 475
0.687555 0.322733 0.650471 10205 4.96 477
0.337246 0.161474 0.927465 10221 5.57 478
0.298887 0.144052 0.943353 10250 5.18 480
0.504440 0.234654 -0.830950 10360 5.76 486
0.504453 0.234686 -0.830933 10361 5.76 487
0.899508 0.426309 0.095631 10380 4.45 489
0.442515 0.214228 0.870797 10425 5.78 491
0.845806 0.405693 0.346447 10476 5.24 493
0.569826 0.276878 0.773716 10516 4.01 496
0.762466 0.364266 -0.534749 10537 5.25 497
0.533286 0.255753 -0.806347 10647 5.52 506
0.842463 0.415141 0.343388 10697 6.27 508
0.864080 0.421839 -0.274623 10700 3.49 509
