0.652465 0.089998 -0.752456 2834 4.76 125
0.450343 0.062375 -0.890674 2884 4.36 126
0.450226 0.062386 -0.890733 2885 4.53 127
0.450342 0.065296 0.890465 2905 4.17 130 CAS KAPPA
0.928456 0.132924 0.346845 2910 5.38 131
0.982740 0.139846 0.121097 2913 5.69 132
0.448886 0.064545 -0.891255 3003 5.07 136
0.390296 0.059053 0.918794 3038 6.47 137
0.317769 0.046623 -0.947021 3112 6.11 139
0.986257 0.152875 -0.062664 3196 5.20 142
0.987958 0.154471 -0.008822 3229 5.94 143
0.661027 0.103767 -0.743153 3302 5.51 147
0.581589 0.094643 0.807958 3360 3.69 153 CAS ZETA
0.821020 0.133273 0.555126 3369 4.34 154
0.952467 0.154217 0.262724 3379 5.89 155
0.859652 0.146010 0.489571 3546 4.34 163
0.845805 0.146577 0.512960 3627 3.27 165
0.918283 0.159309 0.362460 3651 5.88 166
0.916721 0.161337 0.365503 3690 5.36 167
0.542802 0.096948 0.834246 3712 2.24 168 SCHEDAR; CAS ALPHA
0.759689 0.137785 0.635521 3817 5.30 175
0.625228 0.116062 0.771764 3901 4.80 179 CAS XI
0.682345 0.124392 -0.720370 3919 4.59 180
0.542774 0.100038 -0.833900 3980 5.72 183
0.669459 0.128518 0.731647 4058 4.95 184 CAS PI
