0.959379 0.213254 -0.184702 4813 5.17 235
0.254288 0.054730 -0.965579 4815 5.09 236
0.614166 0.138086 -0.777002 4919 5.24 242
0.973177 0.229189 -0.019969 5112 4.78 248
0.341034 0.079374 -0.936694 5190 6.67 252
0.500672 0.122521 0.856923 5234 4.83 253 CAS UPSILON
0.917780 0.222827 0.328676 5267 5.80 254
0.960782 0.231963 -0.151960 5268 6.15 255
0.889940 0.217631 0.400804 5286 5.46 258
0.862948 0.215058 0.457243 5382 6.08 262
0.474230 0.119797 0.872212 5394 2.15 264 CAS GAMMA
0.496744 0.125389 0.858792 5395 4.62 265 CAS UPSILON
0.951571 0.237364 -0.195373 5437 5.35 267
0.758744 0.191822 0.622504 5448 3.86 269
0.339741 0.083142 -0.936837 5457 5.45 270
0.889192 0.226682 0.397432 5516 4.40 271
0.846981 0.218397 0.484691 5575 5.44 274
0.948326 0.248486 -0.197314 5722 5.62 279
0.843236 0.220456 -0.490257 5737 4.30 280
0.062365 0.019286 0.997867 5848 4.24 285
0.750391 0.205649 -0.628189 6055 5.59 288
0.722642 0.203482 0.660594 6116 5.95 290
0.818128 0.230035 0.527020 6118 5.50 291
0.820734 0.229306 -0.523273 6178 5.50 293
0.953409 0.268639 0.137273 6186 4.27 294
