0.544867 0.167582 -0.821605 6882 3.94 338
0.898352 0.282474 0.336411 6903 5.57 339
0.707534 0.224151 0.670188 6920 5.67 340
0.544153 0.174444 0.820650 6961 4.34 343 CAS THETA
0.401826 0.129960 0.906447 6972 5.57 345
0.941960 0.297900 -0.154814 6976 6.40 346
0.952112 0.302756 0.042673 7014 5.97 347
0.753132 0.241701 0.611860 7019 5.80 348
0.812575 0.260549 0.521379 7034 5.15 349
0.888367 0.286306 0.358933 7087 4.66 351
0.823289 0.266153 0.501356 7106 4.51 352
0.950692 0.307641 -0.039278 7147 5.93 353
0.862677 0.287598 0.416023 7318 4.67 360
0.940417 0.313428 0.131833 7344 5.21 361
0.940379 0.313519 0.131883 7345 6.44 362
0.910806 0.305315 0.277877 7374 5.97 364
0.938721 0.315912 -0.137851 7439 5.14 366
0.940289 0.317844 0.121786 7446 6.04 367
0.947046 0.320648 -0.017004 7476 5.70 368
0.663161 0.225681 -0.713643 7570 4.97 370
0.943755 0.327754 -0.043623 7672 5.42 373
0.340873 0.116970 -0.932804 7788 4.25 377
0.941057 0.332320 0.063044 7804 5.13 378
0.494671 0.180246 0.850183 7927 4.95 382 CAS PHI
0.836003 0.302077 0.458092 7964 4.74 383
